/**
 * @file quadrature.cpp
 * @brief Definitions of Dunavant (triangle) and Gauss–Legendre (1D) quadrature rules.
 *
 * Notes:
 * - Dunavant rules are specified in barycentric coordinates 
 *   @f$ (\lambda_1, \lambda_2, \lambda_3) @f$ over the reference triangle.
 * - Gauss–Legendre rules here are tabulated on [0,1]. Each node is stored as @f$ (\xi, 1-\xi) @f$
 *   so tensor products with barycentric/edge formulas are straightforward.
 * - The numerical values are standard references; do not alter unless you know what you are doing.
 */

#include "quadrature.h"
namespace dunavant {
// Order 1
int N1 = 1;
double x1[1][3] = {{0.333333333333333, 0.333333333333333, 0.333333333333334}};
double w1[1] = {1.};

// Order 5
int N5 = 7;
double x5[7][3] = {{0.333333333333333, 0.333333333333333, 0.333333333333334},
                   {0.059715871789770, 0.470142064105115, 0.470142064105115},
                   {0.470142064105115, 0.470142064105115, 0.059715871789770},
                   {0.470142064105115, 0.059715871789770, 0.470142064105115},
                   {0.797426985353087, 0.101286507323456, 0.101286507323457},
                   {0.101286507323456, 0.101286507323456, 0.797426985353088},
                   {0.101286507323456, 0.797426985353087, 0.101286507323457}};
double w5[7] = {0.225000000000000, 0.132394152788506, 0.132394152788506,
                0.132394152788506, 0.125939180544827, 0.125939180544827,
                0.125939180544827};

// Order 17
int N17 = 61;
double x17[61][3] = {{0.333333333333333, 0.333333333333333, 0.333333333333334},
                     {0.005658918886452, 0.497170540556774, 0.497170540556774},
                     {0.497170540556774, 0.497170540556774, 0.005658918886452},
                     {0.497170540556774, 0.005658918886452, 0.497170540556774},
                     {0.035647354750751, 0.482176322624625, 0.482176322624624},
                     {0.482176322624625, 0.482176322624625, 0.035647354750750},
                     {0.482176322624625, 0.035647354750751, 0.482176322624624},
                     {0.099520061958437, 0.450239969020782, 0.450239969020781},
                     {0.450239969020782, 0.450239969020782, 0.099520061958436},
                     {0.450239969020782, 0.099520061958437, 0.450239969020781},
                     {0.199467521245206, 0.400266239377397, 0.400266239377397},
                     {0.400266239377397, 0.400266239377397, 0.199467521245206},
                     {0.400266239377397, 0.199467521245206, 0.400266239377397},
                     {0.495717464058095, 0.252141267970953, 0.252141267970952},
                     {0.252141267970953, 0.252141267970953, 0.495717464058094},
                     {0.252141267970953, 0.495717464058095, 0.252141267970952},
                     {0.675905990683077, 0.162047004658461, 0.162047004658462},
                     {0.162047004658461, 0.162047004658461, 0.675905990683078},
                     {0.162047004658461, 0.675905990683077, 0.162047004658462},
                     {0.848248235478508, 0.075875882260746, 0.075875882260746},
                     {0.075875882260746, 0.075875882260746, 0.848248235478508},
                     {0.075875882260746, 0.848248235478508, 0.075875882260746},
                     {0.968690546064356, 0.015654726967822, 0.015654726967822},
                     {0.015654726967822, 0.015654726967822, 0.968690546064356},
                     {0.015654726967822, 0.968690546064356, 0.015654726967822},
                     {0.010186928826919, 0.334319867363658, 0.655493203809423},
                     {0.334319867363658, 0.655493203809423, 0.010186928826919},
                     {0.655493203809423, 0.010186928826919, 0.334319867363658},
                     {0.334319867363658, 0.010186928826919, 0.655493203809423},
                     {0.655493203809423, 0.334319867363658, 0.010186928826919},
                     {0.010186928826919, 0.655493203809423, 0.334319867363658},
                     {0.135440871671036, 0.292221537796944, 0.572337590532020},
                     {0.292221537796944, 0.572337590532020, 0.135440871671036},
                     {0.572337590532020, 0.135440871671036, 0.292221537796944},
                     {0.292221537796944, 0.135440871671036, 0.572337590532020},
                     {0.572337590532020, 0.292221537796944, 0.135440871671036},
                     {0.135440871671036, 0.572337590532020, 0.292221537796944},
                     {0.054423924290583, 0.319574885423190, 0.626001190286227},
                     {0.319574885423190, 0.626001190286228, 0.054423924290582},
                     {0.626001190286228, 0.054423924290583, 0.319574885423189},
                     {0.319574885423190, 0.054423924290583, 0.626001190286227},
                     {0.626001190286228, 0.319574885423190, 0.054423924290582},
                     {0.054423924290583, 0.626001190286228, 0.319574885423189},
                     {0.012868560833637, 0.190704224192292, 0.796427214974071},
                     {0.190704224192292, 0.796427214974071, 0.012868560833637},
                     {0.796427214974071, 0.012868560833637, 0.190704224192292},
                     {0.190704224192292, 0.012868560833637, 0.796427214974071},
                     {0.796427214974071, 0.190704224192292, 0.012868560833637},
                     {0.012868560833637, 0.796427214974071, 0.190704224192292},
                     {0.067165782413524, 0.180483211648746, 0.752351005937730},
                     {0.180483211648746, 0.752351005937729, 0.067165782413525},
                     {0.752351005937729, 0.067165782413524, 0.180483211648747},
                     {0.180483211648746, 0.067165782413524, 0.752351005937730},
                     {0.752351005937729, 0.180483211648746, 0.067165782413525},
                     {0.067165782413524, 0.752351005937729, 0.180483211648747},
                     {0.014663182224828, 0.080711313679564, 0.904625504095608},
                     {0.080711313679564, 0.904625504095608, 0.014663182224828},
                     {0.904625504095608, 0.014663182224828, 0.080711313679564},
                     {0.080711313679564, 0.014663182224828, 0.904625504095608},
                     {0.904625504095608, 0.080711313679564, 0.014663182224828},
                     {0.014663182224828, 0.904625504095608, 0.080711313679564}};
double w17[61] = {
    0.033437199290803, 0.005093415440507, 0.005093415440507, 0.005093415440507,
    0.014670864527638, 0.014670864527638, 0.014670864527638, 0.024350878353672,
    0.024350878353672, 0.024350878353672, 0.031107550868969, 0.031107550868969,
    0.031107550868969, 0.031257111218620, 0.031257111218620, 0.031257111218620,
    0.024815654339665, 0.024815654339665, 0.024815654339665, 0.014056073070557,
    0.014056073070557, 0.014056073070557, 0.003194676173779, 0.003194676173779,
    0.003194676173779, 0.008119655318993, 0.008119655318993, 0.008119655318993,
    0.008119655318993, 0.008119655318993, 0.008119655318993, 0.026805742283163,
    0.026805742283163, 0.026805742283163, 0.026805742283163, 0.026805742283163,
    0.026805742283163, 0.018459993210822, 0.018459993210822, 0.018459993210822,
    0.018459993210822, 0.018459993210822, 0.018459993210822, 0.008476868534328,
    0.008476868534328, 0.008476868534328, 0.008476868534328, 0.008476868534328,
    0.008476868534328, 0.018292796770025, 0.018292796770025, 0.018292796770025,
    0.018292796770025, 0.018292796770025, 0.018292796770025, 0.006665632004165,
    0.006665632004165, 0.006665632004165, 0.006665632004165, 0.006665632004165,
    0.006665632004165};
}

namespace gausslegendre {
// Order 1
int N1 = 1;
double x1[1][2] = {{0.500000000000000, 0.500000000000000}};
double w1[1] = {1.};

// Order 3
int N3 = 3;
double x3[3][2] = {{0.887298334620742, 0.112701665379258},
                   {0.500000000000000, 0.500000000000000},
                   {0.112701665379258, 0.887298334620742}};
double w3[3] = {0.277777777777777, 0.444444444444444, 0.277777777777777};

// Order 4
int N4 = 4;
double x4[4][2] = {{0.930568155797026, 0.069431844202974},
                   {0.669990521792428, 0.330009478207572},
                   {0.330009478207572, 0.669990521792428},
                   {0.069431844202974, 0.930568155797026}};
double w4[4] = {0.173927422568727, 0.326072577431273, 0.326072577431273, 0.173927422568727};

// Order 8
int N8 = 8;
double x8[8][2] = {{0.980144928248768, 0.019855071751232},
                   {0.898333238706813, 0.101666761293187},
                   {0.762766204958164, 0.237233795041836},
                   {0.591717321247825, 0.408282678752175},
                   {0.408282678752175, 0.591717321247825},
                   {0.237233795041836, 0.762766204958164},
                   {0.101666761293187, 0.898333238706813},
                   {0.019855071751232, 0.980144928248768}};
double w8[8] = {0.050614268145188, 0.111190517226687, 0.156853322938944, 0.181341891689181,
                0.181341891689181, 0.156853322938944, 0.111190517226687, 0.050614268145188};

// Order 17
int N17 = 68;
double x17[68][2] = {{0.999691912764852, 0.000308087235148},
                     {0.998377418338332, 0.001622581661668},
                     {0.996015443871224, 0.003984556128776},
                     {0.992610430720122, 0.007389569279878},
                     {0.988169475200179, 0.011830524799821},
                     {0.982701901291100, 0.017298098708900},
                     {0.976219202239801, 0.023780797760199},
                     {0.968735009156400, 0.031264990843600},
                     {0.960265060423959, 0.039734939576041},
                     {0.950827167960054, 0.049172832039946},
                     {0.940441179508728, 0.059558820491272},
                     {0.929128936791330, 0.070871063208670},
                     {0.916914229520835, 0.083085770479165},
                     {0.903822745344854, 0.096177254655146},
                     {0.889882015809449, 0.110117984190551},
                     {0.875121358451458, 0.124878641548542},
                     {0.859571815138237, 0.140428184861763},
                     {0.843266086783006, 0.156733913216994},
                     {0.826238464572338, 0.173761535427662},
                     {0.808524757849942, 0.191475242150058},
                     {0.790162218808175, 0.209837781191825},
                     {0.771189464145502, 0.228810535854498},
                     {0.751646393854542, 0.248353606145458},
                     {0.731574107311470, 0.268425892688530},
                     {0.711014816843157, 0.288985183156843},
                     {0.690011758953837, 0.309988241046163},
                     {0.668609103397940, 0.331390896602060},
                     {0.646851860290319, 0.353148139709681},
                     {0.624785785449208, 0.375214214550792},
                     {0.602457284170970, 0.397542715829030},
                     {0.579913313638989, 0.420086686361011},
                     {0.557201284171955, 0.442798715828045},
                     {0.534368959519189, 0.465631040480811},
                     {0.511464356412711, 0.488535643587289},
                     {0.488535643587289, 0.511464356412711},
                     {0.465631040480811, 0.534368959519189},
                     {0.442798715828045, 0.557201284171955},
                     {0.420086686361011, 0.579913313638989},
                     {0.397542715829030, 0.602457284170970},
                     {0.375214214550792, 0.624785785449208},
                     {0.353148139709681, 0.646851860290319},
                     {0.331390896602060, 0.668609103397940},
                     {0.309988241046163, 0.690011758953837},
                     {0.288985183156843, 0.711014816843157},
                     {0.268425892688530, 0.731574107311470},
                     {0.248353606145458, 0.751646393854542},
                     {0.228810535854498, 0.771189464145502},
                     {0.209837781191825, 0.790162218808175},
                     {0.191475242150058, 0.808524757849942},
                     {0.173761535427662, 0.826238464572338},
                     {0.156733913216994, 0.843266086783006},
                     {0.140428184861764, 0.859571815138237},
                     {0.124878641548542, 0.875121358451458},
                     {0.110117984190551, 0.889882015809449},
                     {0.096177254655146, 0.903822745344854},
                     {0.083085770479165, 0.916914229520835},
                     {0.070871063208670, 0.929128936791330},
                     {0.059558820491272, 0.940441179508728},
                     {0.049172832039946, 0.950827167960054},
                     {0.039734939576041, 0.960265060423959},
                     {0.031264990843600, 0.968735009156400},
                     {0.023780797760199, 0.976219202239801},
                     {0.017298098708900, 0.982701901291100},
                     {0.011830524799821, 0.988169475200179},
                     {0.007389569279878, 0.992610430720122},
                     {0.003984556128776, 0.996015443871224},
                     {0.001622581661668, 0.998377418338332},
                     {0.000308087235148, 0.999691912764852}};
double w17[68] = {
    0.000790570128186, 0.001838683297506, 0.002884484959365, 0.003924355696589,
    0.004956000625793, 0.005977231159885, 0.006985894587229, 0.007979867954807,
    0.008957060228962, 0.009915416043978, 0.010852919805189, 0.011767599842938,
    0.012657532522588, 0.013520846272952, 0.014355725513743, 0.015160414469277,
    0.015933220858411, 0.016672519451990, 0.017376755489876, 0.018044447950090,
    0.018674192663093, 0.019264665264553, 0.019814623980356, 0.020322912237977,
    0.020788461098701, 0.021210291505571, 0.021587516342322, 0.021919342298978,
    0.022205071540176, 0.022444103172713, 0.022635934509222, 0.022780162125324,
    0.022876482708034, 0.022924693693626, 0.022924693693626, 0.022876482708034,
    0.022780162125324, 0.022635934509222, 0.022444103172713, 0.022205071540176,
    0.021919342298978, 0.021587516342322, 0.021210291505571, 0.020788461098701,
    0.020322912237977, 0.019814623980356, 0.019264665264553, 0.018674192663093,
    0.018044447950090, 0.017376755489876, 0.016672519451990, 0.015933220858411,
    0.015160414469277, 0.014355725513743, 0.013520846272952, 0.012657532522588,
    0.011767599842938, 0.010852919805189, 0.009915416043978, 0.008957060228962,
    0.007979867954807, 0.006985894587229, 0.005977231159885, 0.004956000625793,
    0.003924355696589, 0.002884484959365, 0.001838683297506, 0.000790570128186};
}
